2.8868720391765237 -125.50764995766804 28.45073132683529
2.942532721025939 -125.01075784920677 28.45038341165807
2.998193402875354 -124.5138657407455 28.45003549648085
3.0538540847247693 -124.01697363228423 28.449687581303632
3.1095147665741845 -123.52008152382297 28.449339666126413
3.1651754484235997 -123.0231894153617 28.448991750949194
3.220836130273015 -122.52629730690043 28.448643835771975
3.278730707797074 -122.02966049143662 28.448341479582883
3.3366252853211336 -121.5330236759728 28.44803912339379
3.394519862845193 -121.03638686050898 28.4477367672047
3.4524144403692523 -120.53975004504517 28.447434411015607
3.5103090178933116 -120.04311322958135 28.447132054826515
3.568203595417371 -119.54647641411754 28.446829698637423
3.6260981729414303 -119.04983959865372 28.44652734244833
3.6839927504654897 -118.5532027831899 28.44622498625924
3.741887327989549 -118.05656596772609 28.445922630070147
3.7997819055136084 -117.55992915226227 28.445620273881055
3.8559582187432766 -117.06310420092409 28.44258884521799
3.912134531972945 -116.5662792495859 28.439557416554926
3.968310845202613 -116.06945429824772 28.436525987891862
4.024487158432281 -115.57262934690954 28.433494559228798
4.08066347166195 -115.07580439557135 28.430463130565734
4.1368397848916185 -114.57897944423317 28.42743170190267
4.1926892805994616 -114.08210850077626 28.427116460062894
4.248538776307305 -113.58523755731935 28.42680121822312
4.304388272015148 -113.08836661386243 28.426485976383344
4.360237767722991 -112.59149567040552 28.426170734543568
4.416087263430834 -112.09462472694861 28.425855492703793
4.471936759138677 -111.5977537834917 28.425540250864017
4.52778625484652 -111.10088284003479 28.425225009024242
4.583635750554363 -110.60401189657787 28.424909767184467
4.639485246262206 -110.10714095312096 28.42459452534469
4.695334741970049 -109.61027000966405 28.424279283504916
4.751206941683074 -109.1134019171069 28.424908487643318
4.807079141396098 -108.61653382454975 28.42553769178172
4.862951341109123 -108.1196657319926 28.426166895920122
4.918823540822148 -107.62279763943545 28.426796100058525
4.974695740535172 -107.1259295468783 28.427425304196927
5.030567940248197 -106.62906145432115 28.42805450833533
5.072326735462998 -106.13080837218367 28.42831749637859
5.1140855306778 -105.63255529004618 28.42858048442185
5.155844325892601 -105.1343022079087 28.42884347246511
5.197603121107402 -104.63604912577122 28.429106460508372
5.239361916322204 -104.13779604363374 28.429369448551633
5.281120711537005 -103.63954296149626 28.429632436594893
5.322879506751806 -103.14128987935878 28.429895424638154
5.3646383019666075 -102.6430367972213 28.430158412681415
5.406397097181409 -102.14478371508382 28.430421400724676
5.421407473073002 -101.64500912356623 28.430636549537752
5.436417848964596 -101.14523453204863 28.43085169835083
5.45142822485619 -100.64545994053104 28.431066847163905
5.466438600747783 -100.14568534901345 28.43128199597698
5.481448976639377 -99.64591075749586 28.431497144790058
5.49645935253097 -99.14613616597826 28.431712293603134
5.511469728422564 -98.64636157446067 28.43192744241621
5.507692644359057 -98.14637699660021 28.433002401799055
5.5039155602955505 -97.64639241873975 28.4340773611819
5.500138476232044 -97.14640784087929 28.435152320564743
5.496361392168537 -96.64642326301883 28.436227279947587
5.491348252525955 -96.14644926862243 28.437161816318195
5.486335112883373 -95.64647527422603 28.438096352688802
5.481321973240791 -95.14650127982964 28.43903088905941
5.4763088335982095 -94.64652728543324 28.439965425430017
5.471295693955628 -94.14655329103684 28.440899961800625
5.466282554313046 -93.64657929664044 28.441834498171232
5.461269414670464 -93.14660530224404 28.44276903454184
5.456256275027882 -92.64663130784764 28.443703570912447
5.451209442466692 -92.14665682208022 28.443496055386284
5.446162609905502 -91.6466823363128 28.44328853986012
5.441115777344312 -91.14670785054537 28.443081024333956
5.4360689447831225 -90.64673336477794 28.442873508807793
5.431022112221933 -90.14675887901052 28.44266599328163
5.425975279660743 -89.6467843932431 28.442458477755466
5.420928447099553 -89.14680990747567 28.442250962229302
5.415881614538363 -88.64683542170825 28.44204344670314
5.410834781977173 -88.14686093594082 28.441835931176975
5.405787949415983 -87.6468864501734 28.44162841565081
5.402673322183546 -87.33832972077653 28.441500348491637
5.402673322183546 -87.33832972077653 28.441500348491637
5.323360895537173 -86.84466104179623 28.442380333324497
5.244048468890801 -86.35099236281593 28.443260318157357
5.164736042244429 -85.85732368383563 28.444140302990217
5.085423615598057 -85.36365500485533 28.445020287823077
5.006111188951684 -84.86998632587503 28.445900272655937
4.926798762305312 -84.37631764689473 28.446780257488797
4.84748633565894 -83.88264896791443 28.447660242321657
4.768173909012567 -83.38898028893414 28.448540227154517
4.688861482366195 -82.89531160995384 28.449420211987377
4.609549055719823 -82.40164293097354 28.450300196820237
4.530236629073451 -81.90797425199324 28.451180181653097
4.450924202427078 -81.41430557301294 28.452060166485957
4.371611775780706 -80.92063689403264 28.452940151318817
4.292299349134334 -80.42696821505234 28.453820136151677
4.2129869224879615 -79.93329953607204 28.454700120984537
4.133674495841589 -79.43963085709174 28.455580105817397
4.054362069195217 -78.94596217811144 28.456460090650257
3.975049642548844 -78.45229349913114 28.457340075483117
3.8957372159024715 -77.95862482015085 28.458220060315977
3.8164247892560987 -77.46495614117055 28.459100045148837
3.737112362609726 -76.97128746219025 28.459980029981697
3.6577999359633533 -76.47761878320995 28.460860014814557
3.5784875093169806 -75.98395010422965 28.461739999647417
3.4859547764983723 -75.49258732952445 28.462303019297195
3.393422043679764 -75.00122455481926 28.462866038946974
3.3008893108611557 -74.50986178011406 28.463429058596752
3.2083565780425474 -74.01849900540887 28.46399207824653
3.115823845223939 -73.52713623070368 28.46455509789631
3.0232911124053308 -73.03577345599848 28.465118117546087
2.9307583795867225 -72.54441068129329 28.465681137195865
2.838225646768114 -72.05304790658809 28.466244156845644
2.745692913949506 -71.5616851318829 28.466807176495422
2.6531601811308976 -71.0703223571777 28.4673701961452
2.5606274483122893 -70.5789595824725 28.46793321579498
2.468094715493681 -70.08759680776731 28.468496235444757
2.375368177450945 -69.59627056444334 28.469054593542428
2.282641639408209 -69.10494432111938 28.469612951640098
2.201889677238912 -68.61150841953142 28.46997575998154
2.1346449702187824 -68.11605092580669 28.47012167016048
2.094946067958836 -67.6176295066427 28.469828279790644
2.078995583566441 -67.11788443790576 28.469158712200002
2.0705813298199827 -66.61795586441609 28.468370205718433
2.0621670760735245 -66.11802729092642 28.467581699236863
2.0537528223270662 -65.61809871743675 28.466793192755294
2.045338568580608 -65.11817014394708 28.466004686273724
2.03692431483415 -64.61824157045741 28.465216179792154
2.0285100610876916 -64.11831299696775 28.464427673310585
2.0200958073412334 -63.618384423478076 28.463639166829015
2.011681553594775 -63.11845584998841 28.462850660347446
2.010369044351998 -62.618458915058554 28.46169204900658
2.0090565351092207 -62.1184619801287 28.460533437665713
2.0077440258664434 -61.618465045198846 28.459374826324847
2.006431516623666 -61.11846811026899 28.45821621498398
2.005119007380889 -60.61847117533914 28.457057603643115
2.0038064981381116 -60.118474240409284 28.45589899230225
2.0008770284897293 -59.61848293404228 28.455564679587543
1.997947558841347 -59.11849162767527 28.455230366872836
1.9950180891929645 -58.61850032130826 28.45489605415813
1.9920886195445822 -58.11850901494125 28.454561741443424
1.9891591498961998 -57.618517708574245 28.454227428728718
1.9862296802478174 -57.11852640220724 28.45389311601401
1.983300210599435 -56.61853509584023 28.453558803299305
1.9803707409510527 -56.11854378947322 28.4532244905846
1.9774412713026703 -55.618552483106214 28.452890177869893
1.974511801654288 -55.118561176739206 28.452555865155187
1.972429188521619 -54.61856617171334 28.45174489553535
1.97034657538895 -54.118571166687474 28.45093392591551
1.968263962256281 -53.61857616166161 28.450122956295672
1.966181349123612 -53.11858115663574 28.449311986675834
1.964098735990943 -52.618586151609875 28.448501017055996
1.962016122858274 -52.11859114658401 28.447690047436158
1.9611241274978966 -51.90444036759436 28.44734270441456
1.9611241274978966 -51.90444036759436 28.44734270441456
1.9564995301509867 -51.404461761226145 28.44742190969846
1.9518749328040768 -50.90448315485793 28.44750111498236
1.9472503354571669 -50.40450454848971 28.44758032026626
1.942625738110257 -49.904525942121495 28.447659525550158
1.938001140763347 -49.40454733575328 28.447738730834057
1.9333765434164372 -48.90456872938506 28.447817936117957
1.9287519460695273 -48.404590123016845 28.447897141401857
1.9241273487226174 -47.90461151664863 28.447976346685756
1.9195027513757075 -47.40463291028041 28.448055551969656
1.9144800188966147 -46.904660052033705 28.44667237625417
1.9094572864175219 -46.404687193787 28.445289200538685
1.904434553938429 -45.90471433554029 28.4439060248232
1.8994118214593363 -45.404741477293584 28.442522849107714
1.8943890889802435 -44.90476861904688 28.44113967339223
1.8893663565011507 -44.40479576080017 28.439756497676743
1.884343624022058 -43.90482290255346 28.438373321961258
1.879320891542965 -43.404850044306755 28.436990146245773
1.8724348261228827 -42.90490176741477 28.439064401719147
1.8655487607028003 -42.404953490522786 28.44113865719252
1.8586626952827179 -41.9050052136308 28.443212912665896
1.8517766298626355 -41.405056936738816 28.44528716813927
1.844890564442553 -40.90510865984683 28.447361423612644
1.8380044990224707 -40.40516038295485 28.44943567908602
1.8311184336023882 -39.90521210606286 28.451509934559393
1.8242323681823058 -39.40526382917088 28.453584190032768
1.8173463027622234 -38.90531555227889 28.455658445506142
1.810460237342141 -38.40536727538691 28.457732700979516
1.8035741719220586 -37.90541899849492 28.45980695645289
1.8033996050944552 -37.89274494163692 28.45985954035613
1.8033996050944552 -37.89274494163692 28.45985954035613
1.8016310605181864 -37.39275028239191 28.461347148015943
1.7998625159419177 -36.8927556231469 28.462834755675754
1.8019680783700571 -36.39276078636893 28.463689040309692
1.8040736407981965 -35.89276594959097 28.46454332494363
1.8050869924856225 -35.39276725644098 28.46507244370606
1.8061003441730485 -34.892768563291 28.46560156246849
1.8071136958604745 -34.39276987014102 28.46613068123092
1.8059926116815699 -33.892771274053366 28.466514192174454
1.8048715275026652 -33.392772677965716 28.46689770311799
1.7993224909296583 -32.89280349247328 28.46704518578249
1.7937734543566515 -32.39283430698084 28.467192668446987
1.7882244177836446 -31.892865121488395 28.467340151111486
1.778167494227319 -31.392966281415635 28.467250806329496
1.7681105706709932 -30.893067441342875 28.467161461547505
1.7430289990001937 -30.393697136814545 28.466699165315255
1.7179474273293942 -29.894326832286215 28.466236869083005
1.6192589835026103 -29.40416464077632 28.46496522869995
1.49188168077824 -28.92066285112643 28.46394436826926
1.3291063076464609 -28.44790091456692 28.463370571866008
1.137332427538959 -27.98614040979791 28.46324751097196
0.8929429330129917 -27.54993658898508 28.463288421006368
0.5974459043541096 -27.146598814248925 28.462906944062134
0.2816896037547978 -26.758916451747304 28.462320056511
-0.05579620657218026 -26.389995825833005 28.461371582502704
-0.40317827382186516 -26.03037917126839 28.46012213739031
-0.747599654934066 -25.667925811137376 28.458908068816466
-1.1025447917664972 -25.315771316129744 28.45783034671631
-1.4661534534210126 -24.972569139826117 28.456826678311835
-1.8290347651318095 -24.628598048956484 28.455805768420262
-2.187497854194874 -24.2800251556377 28.454732538371523
-2.5481742698636016 -23.93374154569705 28.454302809582348
-2.9180369647813507 -23.59728875074424 28.455353369729128
-3.2885660514855375 -23.26157170524524 28.45685712090011
-3.6584853734415406 -22.92518188203562 28.458114930349534
-4.027201997369301 -22.587472258545866 28.458626244071606
-4.395918621297061 -22.24976263505611 28.459137557793678
-4.763760559873377 -21.911100591676924 28.45856432254525
-5.131602498449694 -21.572438548297736 28.457991087296822
-5.506047202960354 -21.241094149374774 28.456558409278344
-5.888467565422337 -20.91898836175792 28.45496845387921
-6.271287389919345 -20.597362578636094 28.45255234060522
-6.648707772574296 -20.269424002276864 28.449367235886246
-7.034981514953275 -19.95196699802864 28.4456731321679
-7.434027429333208 -19.650723174087016 28.441863046379975
-7.841094367693035 -19.360406926939874 28.43825966786043
-8.252148219332518 -19.075753290359906 28.435606700814905
-8.666112628913309 -18.795342819141066 28.43375326312879
-9.088474069631685 -18.527744567369623 28.43234292871293
-9.516018710559509 -18.268508108180026 28.43091525902469
-9.951567751390947 -18.02295843504681 28.429368955371803
-10.394161725994632 -17.790347725927194 28.427686205425076
-10.86681575774237 -17.627265444555878 28.42615788106975
-11.339469789490106 -17.46418316318456 28.42462955671442
-11.825775003181421 -17.347969885809942 28.423320626427998
-12.312080216872737 -17.231756608435322 28.422011696141574
-12.808115813435625 -17.16892992721901 28.42078896565486
-13.304151409998514 -17.1061032460027 28.419566235168148
-13.800187006561403 -17.04327656478639 28.418343504681435
-14.296222603124292 -16.980449883570078 28.41712077419472
-14.795804805336807 -16.96004352515622 28.416023610224254
-15.295387007549323 -16.93963716674236 28.414926446253787
-15.794969209761838 -16.919230808328503 28.41382928228332
-16.294551411974354 -16.898824449914645 28.412732118312853
-16.79413361418687 -16.878418091500787 28.411634954342386
-17.293715816399384 -16.85801173308693 28.41053779037192
-17.36661391099915 -16.855034075677395 28.410377694270508
-17.36661391099915 -16.855034075677395 28.410377694270508
-17.866604810957824 -16.857634191722962 28.408848199235205
-18.3665957109165 -16.86023430776853 28.407318704199902
-18.866586610875174 -16.862834423814096 28.4057892091646
-19.36657751083385 -16.865434539859663 28.404259714129296
-19.866568410792524 -16.86803465590523 28.402730219093993
-20.3665593107512 -16.870634771950797 28.40120072405869
-20.866550210709875 -16.873234887996365 28.399671229023387
-21.36654111066855 -16.87583500404193 28.398141733988084
-21.866532010627225 -16.8784351200875 28.39661223895278
-22.3665229105859 -16.881035236133066 28.395082743917477
-22.86651613434766 -16.88363536409484 28.394958136908855
-23.36650935810942 -16.886235492056613 28.394833529900232
-23.866502581871178 -16.888835620018387 28.39470892289161
-24.366495805632937 -16.89143574798016 28.394584315882987
-24.866489029394696 -16.894035875941935 28.394459708874365
-25.366482253156455 -16.89663600390371 28.394335101865742
-25.866475476918215 -16.899236131865482 28.39421049485712
-26.366468700679974 -16.901836259827256 28.394085887848497
-26.866461924441733 -16.90443638778903 28.393961280839875
-27.366455148203492 -16.907036515750804 28.393836673831252
-27.86644837196525 -16.909636643712577 28.39371206682263
-28.36644159572701 -16.91223677167435 28.393587459814007
-28.86643481948877 -16.914836899636125 28.393462852805385
-29.36642804325053 -16.9174370275979 28.393338245796762
-29.86642126701229 -16.920037155559672 28.39321363878814
-30.366414490774048 -16.922637283521446 28.393089031779517
-30.866407714535807 -16.92523741148322 28.392964424770895
-31.366400938297566 -16.927837539444994 28.392839817762273
-31.866394162059326 -16.930437667406768 28.39271521075365
-32.366387385821085 -16.93303779536854 28.392590603745028
-32.447264852176886 -16.933458384592086 28.39257044767357
-44.20729528076481 -17.016374755185097 28.406480512339737
-44.7072459637478 -17.02339242543773 28.406221883135302
-45.20719664673079 -17.030410095690364 28.405963253930867
-45.707147329713784 -17.037427765942997 28.405704624726432
-46.207098012696775 -17.04444543619563 28.405445995521998
-46.70704869567977 -17.051463106448264 28.405187366317563
-47.20699937866276 -17.058480776700897 28.404928737113128
-47.70695006164575 -17.06549844695353 28.404670107908693
-48.20690074462874 -17.072516117206163 28.404411478704258
-48.70685142761173 -17.079533787458796 28.404152849499823
-48.752199503884185 -17.080170325934887 28.40412939051219
-48.752199503884185 -17.080170325934887 28.40412939051219
-49.252187855260914 -17.083212709402893 28.40258265510657
-49.75217620663764 -17.0862550928709 28.401035919700952
-50.25216455801437 -17.089297476338906 28.399489184295334
-50.7521529093911 -17.092339859806913 28.397942448889715
-51.25214126076783 -17.09538224327492 28.396395713484097
-51.75212961214456 -17.098424626742926 28.39484897807848
-52.252117963521286 -17.101467010210932 28.39330224267286
-52.752106314898015 -17.10450939367894 28.39175550726724
-53.25209466627474 -17.107551777146945 28.390208771861623
-53.75208301765147 -17.11059416061495 28.388662036456005
-54.2520713690282 -17.113636544082958 28.387115301050386
-54.75205972040493 -17.116678927550964 28.385568565644768
-55.25204807178166 -17.11972131101897 28.38402183023915
-55.75203642315839 -17.122763694486977 28.38247509483353
-56.252024774535116 -17.125806077954984 28.380928359427912
-56.752013125911844 -17.12884846142299 28.379381624022294
-57.25200147728857 -17.131890844890997 28.377834888616675
-57.7519898286653 -17.134933228359003 28.376288153211057
-58.25197818004203 -17.13797561182701 28.37474141780544
-58.75196653141862 -17.141017995246173 28.373194682258827
-59.251954882795204 -17.144060378665337 28.371647946712216
-59.75194323417179 -17.1471027620845 28.370101211165604
-60.25193158554838 -17.150145145503664 28.368554475618993
-60.75191993692496 -17.153187528922828 28.36700774007238
-61.25190828830155 -17.156229912341992 28.36546100452577
-61.75189663967814 -17.159272295761156 28.36391426897916
-62.25188499105472 -17.16231467918032 28.362367533432547
-62.75187334243131 -17.165357062599483 28.360820797885935
-63.251861693807896 -17.168399446018647 28.359274062339324
-63.75185004518448 -17.17144182943781 28.357727326792713
-64.25183839656107 -17.174484212856974 28.3561805912461
-64.75182674793766 -17.177526596276138 28.35463385569949
-65.25181509931424 -17.180568979695302 28.35308712015288
-65.75180345069083 -17.183611363114466 28.351540384606267
-66.25179180206739 -17.18665374653879 28.349993649058234
-66.75178015344395 -17.189696129963117 28.3484469135102
-67.2517685048205 -17.192738513387443 28.34690017796217
-67.75175685619706 -17.19578089681177 28.345353442414137
-68.25174520757362 -17.198823280236095 28.343806706866104
-68.75173355895018 -17.20186566366042 28.34225997131807
-69.25172191032674 -17.204908047084746 28.34071323577004
-69.7517102617033 -17.207950430509072 28.339166500222007
-70.25169861307985 -17.210992813933398 28.337619764673974
-70.75168696445641 -17.214035197357724 28.33607302912594
-71.25167531583297 -17.21707758078205 28.33452629357791
-71.75166366720953 -17.220119964206376 28.332979558029876
-72.25165201858609 -17.2231623476307 28.331432822481844
-72.75164036996264 -17.226204731055027 28.32988608693381
-73.2516287213392 -17.229247114479353 28.32833935138578
-73.75161707271576 -17.23228949790368 28.326792615837746
-74.17052197695011 -17.23483849596232 28.325496715433587
-74.17052197695011 -17.23483849596232 28.325496715433587
-74.67048411143494 -17.24092636501604 28.326392221857592
-75.17044624591978 -17.24701423406976 28.327287728281597
-75.67040838040461 -17.253102103123478 28.3281832347056
-76.17037051488944 -17.259189972177197 28.329078741129607
-76.67033264937427 -17.265277841230915 28.32997424755361
-77.1702947838591 -17.271365710284634 28.330869753977616
-77.6702936524111 -17.27200975209933 28.33171630986307
-78.1702925209631 -17.272653793914024 28.33256286574852
-78.6702913895151 -17.27329783572872 28.333409421633974
-79.1702902580671 -17.273941877543415 28.334255977519426
-79.6702891266191 -17.27458591935811 28.33510253340488
-80.1702879951711 -17.275229961172805 28.33594908929033
-80.67028686372309 -17.2758740029875 28.336795645175783
-81.17028573227509 -17.276518044802195 28.337642201061236
-81.67028460082709 -17.27716208661689 28.33848875694669
-82.17028346937909 -17.277806128431585 28.33933531283214
-82.67028233793108 -17.27845017024628 28.340181868717593
-83.17028120648308 -17.279094212060976 28.341028424603046
-83.67028007503508 -17.27973825387567 28.341874980488498
-84.1151270280825 -17.280311255250126 28.342628157805336
-84.1151270280825 -17.280311255250126 28.342628157805336
-84.61512600627194 -17.280864906355923 28.343473900061984
-85.11512498446137 -17.28141855746172 28.34431964231863
-85.61512287132385 -17.28286422100297 28.34447192489469
-86.11512075818632 -17.28430988454422 28.34462420747075
-86.6151186450488 -17.285755548085472 28.34477649004681
-87.11511653191127 -17.287201211626723 28.344928772622872
-87.61511441877374 -17.288646875167974 28.345081055198932
-88.11511230563622 -17.290092538709224 28.345233337774992
-88.61511035382487 -17.290996880308736 28.346298219838403
-89.11510840201353 -17.291901221908248 28.347363101901813
-89.61510645020219 -17.29280556350776 28.348427983965223
-90.11510449839085 -17.29370990510727 28.349492866028633
-90.61510254657951 -17.294614246706782 28.350557748092044
-91.11510059476817 -17.295518588306294 28.351622630155454
-91.61509864295682 -17.296422929905805 28.352687512218864
-92.11509669114548 -17.297327271505317 28.353752394282274
-92.61509393294648 -17.298547243704256 28.354879274587255
-93.11509117474748 -17.299767215903195 28.356006154892235
-93.61508841654847 -17.300987188102134 28.357133035197215
-94.11508565834947 -17.302207160301073 28.358259915502195
-94.61508290015047 -17.303427132500012 28.359386795807175
-95.11508014195147 -17.30464710469895 28.360513676112156
-95.61507738375246 -17.30586707689789 28.361640556417136
-96.11507462555346 -17.30708704909683 28.362767436722116
-96.61507186735446 -17.308307021295768 28.363894317027096
-97.11507090129703 -17.30904401024764 28.364544627553077
-97.6150699352396 -17.30978099919951 28.365194938079057
-98.11506896918218 -17.310517988151382 28.365845248605037
-98.61506800312475 -17.311254977103253 28.366495559131018
-99.11506703706732 -17.311991966055125 28.367145869656998
-99.61506607100989 -17.312728955006996 28.367796180182978
-100.11506510495246 -17.313465943958867 28.36844649070896
-100.61506413889504 -17.31420293291074 28.36909680123494
-101.11506317283761 -17.31493992186261 28.36974711176092
-101.6150619012012 -17.314885977604163 28.3686207349144
-102.1150606295648 -17.314832033345716 28.367494358067884
-102.61505935792839 -17.31477808908727 28.366367981221366
-103.11505808629198 -17.314724144828823 28.365241604374848
-103.61505681465557 -17.314670200570376 28.36411522752833
-104.11505554301917 -17.31461625631193 28.362988850681813
-104.61505427138276 -17.314562312053482 28.361862473835295
-105.11505233638321 -17.31588801920839 28.361441170691712
-105.61505040138367 -17.3172137263633 28.36101986754813
-106.11504846638412 -17.318539433518207 28.360598564404548
-106.61504653138458 -17.319865140673116 28.360177261260965
-107.11504459638503 -17.321190847828024 28.359755958117383
-107.61504266138549 -17.322516554982933 28.3593346549738
-108.11504098879823 -17.323809108440145 28.359378129439285
-108.61503931621097 -17.325101661897357 28.35942160390477
-109.11503764362371 -17.32639421535457 28.359465078370256
-109.61503597103645 -17.32768676881178 28.35950855283574
-110.11503429844919 -17.328979322268992 28.359552027301227
-110.61503262586193 -17.330271875726204 28.359595501766712
-111.11503057330742 -17.33156380719077 28.36021474596807
-111.61502852075292 -17.332855738655333 28.360833990169425
-112.11502646819841 -17.334147670119897 28.36145323437078
-112.6150244156439 -17.33543960158446 28.362072478572138
-113.1150223630894 -17.336731533049026 28.362691722773494
-113.61502138261244 -17.33671231432049 28.36368172612343
-114.11502040213549 -17.336693095591954 28.36467172947337
-114.61501942165853 -17.33667387686342 28.365661732823305
-115.11501844118158 -17.336654658134883 28.366651736173242
-115.61501746070462 -17.336635439406347 28.36764173952318
-116.11501648022767 -17.33661622067781 28.368631742873117
-116.61501619125576 -17.33704169875527 28.36896028544566
-117.11501590228386 -17.33746717683273 28.369288828018203
-117.61501561331195 -17.337892654910192 28.369617370590746
-118.11501532434005 -17.338318132987652 28.36994591316329
-118.61501503536815 -17.338743611065112 28.37027445573583
-119.11501474639624 -17.339169089142572 28.370602998308375
-119.61501445742434 -17.339594567220033 28.370931540880918
-120.11501325957055 -17.340685991352117 28.37101306213606
-120.61501206171675 -17.341777415484202 28.371094583391205
-121.11501086386296 -17.342868839616287 28.37117610464635
-121.61500966600917 -17.34396026374837 28.371257625901492
-122.11500846815538 -17.345051687880456 28.371339147156636
-122.51117603457533 -17.346179142128676 28.372032674833026
-122.51117603457533 -17.346179142128676 28.372032674833026
-123.01117118052642 -17.34784075259933 28.373479421525108
-123.51116632647751 -17.34950236306998 28.37492616821719
-124.0111614724286 -17.351163973540633 28.376372914909272
-124.51115661837969 -17.352825584011285 28.377819661601354
-125.01115176433078 -17.354487194481937 28.379266408293436
-125.51114691028187 -17.35614880495259 28.380713154985518
-126.01114088709566 -17.357917631632088 28.38241444922749
-126.51113486390946 -17.359686458311586 28.38411574346946
-127.01112884072326 -17.361455284991084 28.385817037711433
-127.51112281753706 -17.363224111670583 28.387518331953405
-128.01111679435087 -17.36499293835008 28.389219626195377
-128.51111077116468 -17.36676176502958 28.39092092043735
-129.01110950726718 -17.367683015905662 28.391565274935477
-129.51110824336968 -17.368604266781745 28.392209629433605
-130.01110697947217 -17.369525517657827 28.392853983931733
-130.51110571557467 -17.37044676853391 28.39349833842986
-131.01110445167717 -17.371368019409992 28.39414269292799
-131.51110318777967 -17.372289270286075 28.394787047426117
-132.0110986834573 -17.37438488207533 28.39445131939592
-132.51109417913494 -17.376480493864584 28.394115591365722
-133.01108967481258 -17.37857610565384 28.393779863335524
-133.51108517049022 -17.380671717443093 28.393444135305327
-134.0110804111202 -17.38259621422739 28.392416682387932
-134.51107565175016 -17.38452071101169 28.391389229470537
-135.01107089238013 -17.386445207795987 28.390361776553142
-135.5110661330101 -17.388369704580285 28.389334323635747
-136.01106137364008 -17.390294201364583 28.388306870718353
-136.51105661427005 -17.39221869814888 28.387279417800958
-137.01105218743265 -17.39355892203607 28.38565749988177
-137.51104776059526 -17.39489914592326 28.384035581962582
-138.01104333375787 -17.396239369810452 28.382413664043394
-138.51103890692048 -17.397579593697643 28.380791746124206
-139.01103448008308 -17.398919817584833 28.37916982820502
-139.5110300532457 -17.400260041472023 28.37754791028583
-140.0110209044313 -17.402194919609016 28.3752230495815
-140.5110117556169 -17.40412979774601 28.37289818887717
-141.0110026068025 -17.406064675883 28.37057332817284
-141.5109934579881 -17.407999554019995 28.368248467468508
-142.0109843091737 -17.409934432156987 28.365923606764177
-142.5109751603593 -17.41186931029398 28.363598746059846
-142.55178034701385 -17.412027219310403 28.363409009838158
-142.55178034701385 -17.412027219310403 28.363409009838158
-143.051771370127 -17.411452174328147 28.360468579677043
-143.55176239324015 -17.41087712934589 28.35752814951593
-144.0517534163533 -17.410302084363636 28.354587719354814
-144.55174443946646 -17.40972703938138 28.3516472891937
-145.05173546257961 -17.409151994399124 28.348706859032585
-145.55172648569277 -17.40857694941687 28.34576642887147
-146.05171913106494 -17.40760797412509 28.343233513432896
-146.55171177643712 -17.40663899883331 28.34070059799432
-147.0517044218093 -17.40567002354153 28.338167682555746
-147.55169706718146 -17.40470104824975 28.33563476711717
-148.05169100982036 -17.40303259675617 28.333825459507484
-148.5516783918151 -17.399859285727494 28.33222923171361
-149.05166577380984 -17.39668597469882 28.33063300391974
-149.5516531558046 -17.393512663670144 28.329036776125868
-150.051624669166 -17.388345241759918 28.32770126950987
-150.13895340904128 -17.387442661449313 28.327468
-150.13895340904128 -17.387442661449313 28.327468
-150.63885835816467 -17.377749173783283 28.326429665368142
-151.13876330728806 -17.368055686117252 28.325391330736284
-151.63800745876404 -17.34058067904038 28.324757924735437
-152.13566036324482 -17.292199670306115 28.323828056092964
-152.63246386845915 -17.235760841767945 28.322860667857814
-153.12816787533427 -17.170362401698505 28.322098037916426
-153.6238718822094 -17.104963961629064 28.321335407975038
-154.11293473827672 -17.00095715056871 28.321661089274752
-154.59585991023823 -16.871408675691473 28.32234734209969
-155.07547226108997 -16.73008921182642 28.323242910841543
-155.5494072355623 -16.570762044851715 28.323945645299045
-156.01233652854822 -16.381827071795236 28.324159307927154
-156.470208056964 -16.180945390214312 28.324621337593456
-156.91819229895887 -15.958886639423394 28.32479489296099
-157.3518104316923 -15.709938388629691 28.324506117040666
-157.78030757456278 -15.452275475199233 28.324359166924108
-158.19990192599522 -15.180355377112111 28.324560418724342
-158.61284938401414 -14.898443758321811 28.325046326898264
-159.01581305033807 -14.602437459049934 28.325790916810412
-159.41257670690706 -14.298171325354973 28.326639864578464
-159.80462770398896 -13.987857191894584 28.327714230354054
-160.1844356780273 -13.66267129207834 28.327897035133542
-160.5558834069785 -13.327970019201882 28.326615398719976
-160.8724773883786 -12.940971037041832 28.326418552775902
-161.1890713697787 -12.553972054881783 28.326221706831827
-161.48234942653713 -12.149018206134222 28.326823212060827
-161.77562748329555 -11.744064357386662 28.327424717289826
-162.0346849835773 -11.316409102752853 28.327866001612538
-162.29374248385906 -10.888753848119045 28.32830728593525
-162.55279998414082 -10.461098593485236 28.32874857025796
-162.77948948185923 -10.015439707219986 28.32891803114035
-163.00617897957764 -9.569780820954737 28.32908749202274
-163.19352260674896 -9.106205220191203 28.32892095365474
-163.38086623392027 -8.64262961942767 28.328754415286742
-163.5682098610916 -8.179054018664136 28.328587876918743
-163.72120789879915 -7.70303784731554 28.328135027869852
-163.8742059365067 -7.2270216759669434 28.32768217882096
-164.02720397421427 -6.751005504618347 28.32722932977207
-164.12468641306126 -6.2606012145360035 28.326331340195704
-164.22216885190824 -5.77019692445366 28.32543335061934
-164.31965129075522 -5.279792634371316 28.324535361042972
-164.37664148466314 -4.78305260659713 28.32332597887051
-164.43363167857106 -4.286312578822945 28.32211659669805
-164.49062187247898 -3.789572551048759 28.320907214525587
-164.54595432104543 -3.3072818242944777 28.31973301117118
-164.54595432104543 -3.3072818242944777 28.31973301117118
-164.5344167806193 -2.807416380177024 28.32092588089418
-164.52287924019316 -2.3075509360595703 28.32211875061718
-164.51134169976703 -1.8076854919421168 28.323311620340178
-164.4998041593409 -1.3078200478246633 28.324504490063177
-164.48826661891476 -0.8079546037072098 28.325697359786176
-164.47672907848863 -0.30808915958975636 28.326890229509175
-164.4651915380625 0.19177628452769713 28.328083099232174
-164.45365399763637 0.6916417286451506 28.329275968955173
-164.43886165822786 1.191422858897883 28.32918356698018
-164.42406931881936 1.6912039891506154 28.329091165005188
-164.40927697941086 2.190985119403348 28.328998763030196
-164.39448464000236 2.6907662496560807 28.328906361055203
-164.37969230059386 3.1905473799088133 28.32881395908021
-164.36489996118536 3.690328510161546 28.32872155710522
-164.35010762177686 4.190109640414279 28.328629155130226
-164.33531528236836 4.689890770667011 28.328536753155234
-164.32492609514082 5.189782823536724 28.32855307660564
-164.3145369079133 5.689674876406437 28.328569400056047
-164.30414772068576 6.18956692927615 28.328585723506453
-164.29375853345823 6.689458982145863 28.32860204695686
-164.2833693462307 7.1893510350155765 28.328618370407266
-164.27298015900317 7.6892430878852895 28.328634693857673
-164.26259097177564 8.189135140755003 28.32865101730808
-164.2522017845481 8.689027193624716 28.328667340758486
-164.24181259732057 9.188919246494429 28.328683664208892
-164.22844594888045 9.688739616986602 28.32964800364356
-164.21507930044032 10.188559987478776 28.330612343078226
-164.2017126520002 10.68838035797095 28.331576682512893
-164.18834600356007 11.188200728463123 28.33254102194756
-164.17497935511994 11.688021098955296 28.333505361382226
-164.16161270667982 12.18784146944747 28.334469700816893
-164.1482460582397 12.687661839939643 28.33543404025156
-164.13487940979957 13.187482210431817 28.336398379686226
-164.12465874617666 13.687377602897078 28.336765295357743
-164.11443808255376 14.187272995362338 28.33713221102926
-164.10421741893086 14.6871683878276 28.337499126700777
-164.09399675530796 15.18706378029286 28.337866042372294
-164.08377609168505 15.68695917275812 28.33823295804381
-164.07355542806215 16.18685456522338 28.338599873715328
-164.06333476443925 16.686749957688644 28.338966789386845
-164.05311410081634 17.186645350153906 28.339333705058362
-164.04108120484548 17.686500284239912 28.3398379712876
-164.02904830887462 18.186355218325918 28.34034223751684
-164.01701541290376 18.686210152411924 28.34084650374608
-164.0049825169329 19.18606508649793 28.341350769975318
-163.99294962096204 19.685920020583936 28.341855036204556
-163.98091672499118 20.18577495466994 28.342359302433795
-163.9688838290203 20.685629888755948 28.342863568663034
-163.95685093304945 21.185484822841953 28.343367834892273
-163.9448180370786 21.68533975692796 28.343872101121512
-163.93376771367846 22.185216959693072 28.34469216726397
-163.92271739027834 22.685094162458185 28.345512233406424
-163.9116670668782 23.184971365223298 28.34633229954888
-163.90061674347808 23.68484856798841 28.347152365691336
-163.88956642007795 24.184725770753523 28.347972431833792
-163.87851609667783 24.684602973518636 28.34879249797625
-163.8674657732777 25.18448017628375 28.349612564118704
-163.85641544987757 25.684357379048862 28.35043263026116
-163.84562368415916 26.184240888624277 28.35055365606352
-163.83483191844076 26.684124398199693 28.350674681865883
-163.82404015272235 27.184007907775108 28.350795707668244
-163.81324838700394 27.683891417350523 28.350916733470605
-163.80245662128553 28.18377492692594 28.351037759272966
-163.79166485556712 28.683658436501354 28.351158785075327
-163.7808730898487 29.18354194607677 28.35127981087769
-163.7700813241303 29.683425455652184 28.35140083668005
-163.7598455430458 30.183320636650475 28.351209002697157
-163.7496097619613 30.683215817648765 28.351017168714264
-163.7393739808768 31.183110998647056 28.350825334731372
-163.7291381997923 31.683006179645346 28.35063350074848
-163.71890241870778 32.18290136064363 28.350441666765587
-163.70866663762328 32.68279654164192 28.350249832782694
-163.69843085653878 33.18269172264021 28.3500579987998
-163.68834912059157 33.682589631414345 28.34939512359515
-163.67826738464436 34.18248754018848 28.3487322483905
-163.66818564869715 34.68238544896262 28.34806937318585
-163.65810391274994 35.18228335773676 28.3474064979812
-163.64802217680273 35.682181266510895 28.34674362277655
-163.63794044085552 36.18207917528503 28.3460807475719
-163.6278587049083 36.68197708405917 28.34541787236725
-163.6177769689611 37.18187499283331 28.3447549971626
-163.60769523301389 37.681772901607445 28.34409212195795
-163.5956794201847 38.18160985699113 28.33977491512707
-163.5836636073555 38.681446812374816 28.33545770829619
-163.5716477945263 39.1812837677585 28.33114050146531
-163.55963198169712 39.681120723142186 28.32682329463443
-163.54761616886793 40.18095767852587 28.32250608780355
-163.53560035603874 40.68079463390956 28.31818888097267
-163.52358454320955 41.18063158929324 28.31387167414179
-163.51156873038036 41.68046854467693 28.30955446731091
-163.49955291755117 42.18030550006061 28.30523726048003
-163.48893619088994 42.680180696242104 28.30871193420778
-163.47831946422872 43.180055892423596 28.312186607935526
-163.4677027375675 43.67993108860509 28.315661281663274
-163.45708601090627 44.17980628478658 28.319135955391022
-163.44646928424504 44.67968148096807 28.32261062911877
-163.43585255758381 45.17955667714956 28.32608530284652
-163.4252358309226 45.679431873331055 28.329559976574266
-163.41461910426136 46.17930706951255 28.333034650302015
-163.40400237760014 46.67918226569404 28.336509324029763
-163.39257607228035 47.17905122829785 28.33718738901518
-163.38114976696056 47.678920190901664 28.3378654540006
-163.36972346164077 48.17878915350548 28.338543518986018
-163.358297156321 48.67865811610929 28.339221583971437
-163.3468708510012 49.1785270787131 28.339899648956855
-163.3354445456814 49.678396041316915 28.340577713942274
-163.32401824036162 50.17826500392073 28.341255778927692
-163.31259193504184 50.67813396652454 28.34193384391311
-163.30116562972205 51.178002929128354 28.34261190889853
-163.28973932440226 51.67787189173217 28.343289973883948
-163.2789416161343 52.1777544036615 28.342349886984398
-163.26814390786632 52.67763691559084 28.341409800084847
-163.25734619959835 53.177519427520174 28.340469713185296
-163.24654849133037 53.67740193944951 28.339529626285746
-163.2357507830624 54.177284451378846 28.338589539386195
-163.22495307479443 54.67716696330818 28.337649452486644
-163.21415536652646 55.17704947523752 28.336709365587094
-163.20335765825848 55.67693198716685 28.335769278687543
-163.1925599499905 56.17681449909619 28.334829191787993
-163.18176224172254 56.676697011025524 28.333889104888442
-163.1704404848867 57.176568801876265 28.333991739302743
-163.15911872805088 57.676440592727005 28.334094373717043
-163.14779697121506 58.176312383577745 28.334197008131344
-163.13647521437923 58.676184174428485 28.334299642545645
-163.1251534575434 59.176055965279225 28.334402276959946
-163.11383170070758 59.675927756129965 28.334504911374246
-163.10250994387175 60.175799546980706 28.334607545788547
-163.09118818703593 60.675671337831446 28.334710180202848
-163.0798664302001 61.175543128682186 28.33481281461715
-163.06854467336427 61.675414919532926 28.33491544903145
-163.0583869291867 62.175311590832536 28.33528727801236
-163.04822918500912 62.675208262132145 28.33565910699327
-163.03807144083154 63.175104933431754 28.33603093597418
-163.02791369665397 63.675001604731364 28.33640276495509
-163.0177559524764 64.17489827603097 28.336774593936
-163.00759820829882 64.67479494733058 28.33714642291691
-162.99744046412124 65.17469161863019 28.33751825189782
-162.98728271994366 65.6745882899298 28.33789008087873
-162.9771249757661 66.17448496122941 28.33826190985964
-162.9669672315885 66.67438163252902 28.33863373884055
-162.95680948741094 67.17427830382863 28.33900556782146
-162.9460556683767 67.67416128609403 28.337839627161546
-162.93530184934244 68.17404426835944 28.336673686501634
-162.9245480303082 68.67392725062484 28.33550774584172
-162.91379421127394 69.17381023289025 28.334341805181808
-162.9030403922397 69.67369321515565 28.333175864521895
-162.89228657320544 70.17357619742106 28.332009923861982
-162.8815327541712 70.67345917968646 28.33084398320207
-162.87077893513694 71.17334216195187 28.329678042542156
-162.8600251161027 71.67322514421727 28.328512101882243
-162.84927129706844 72.17310812648267 28.32734616122233
-162.8385174780342 72.67299110874808 28.326180220562417
-162.82776365899994 73.17287409101348 28.325014279902504
-162.81605153399028 73.67273453951259 28.326549908123184
-162.8043394089806 74.1725949880117 28.328085536343863
-162.79262728397094 74.6724554365108 28.329621164564543
-162.78091515896128 75.17231588500991 28.331156792785222
-162.7692030339516 75.67217633350901 28.332692421005902
-162.75749090894195 76.17203678200812 28.33422804922658
-162.74577878393228 76.67189723050723 28.33576367744726
-162.73406665892261 77.17175767900633 28.33729930566794
-162.72235453391295 77.67161812750544 28.33883493388862
-162.71059196977387 78.17147933702597 28.33947781921505
-162.6988294056348 78.6713405465465 28.340120704541476
-162.68706684149572 79.17120175606703 28.340763589867905
-162.67530427735664 79.67106296558757 28.341406475194333
-162.66354171321757 80.1709241751081 28.34204936052076
-162.6517791490785 80.67078538462863 28.34269224584719
-162.64001658493942 81.17064659414916 28.343335131173617
-162.62825402080034 81.6705078036697 28.343978016500046
-162.61649145666127 82.17036901319022 28.344620901826474
-162.6047288925222 82.67023022271076 28.345263787152902
-162.5929663283831 83.17009143223129 28.34590667247933
-162.58662942331284 83.43938416428864 28.346253017309987
-162.58662942331284 83.43938416428864 28.346253017309987
-162.53310691504626 83.93651026880005 28.347241613368062
-162.47958440677968 84.43363637331146 28.348230209426138
-162.4260618985131 84.93076247782287 28.349218805484213
-162.33812466743504 85.42296834809119 28.349870467758937
-162.25018743635698 85.91517421835951 28.35052213003366
-162.16225020527892 86.40738008862783 28.351173792308384
-162.07431297420086 86.89958595889615 28.351825454583107
-161.9362729393598 87.38015325508282 28.35197584380935
-161.79823290451876 87.86072055126948 28.35212623303559
-161.62114630840318 88.32831040809889 28.351874704789267
-161.4440597122876 88.79590026492829 28.351623176542944
-161.26697311617204 89.2634901217577 28.35137164829662
-161.05461727855334 89.71615402433316 28.350747521385447
-160.84226144093464 90.16881792690863 28.350123394474274
-160.59196446188918 90.60165779172787 28.349087197597616
-160.34166748284372 91.03449765654712 28.348051000720957
-160.09137050379826 91.46733752136636 28.3470148038443
-159.80966433813245 91.88042311977944 28.34562750085882
-159.52795817246664 92.29350871819251 28.344240197873344
-159.22868715133944 92.69405327681069 28.343284962381073
-158.92941613021225 93.09459783542887 28.342329726888803
-158.63014510908505 93.49514239404705 28.341374491396532
-158.27706225377736 93.84916131325824 28.339613205410853
-157.91293112214515 94.19177342349637 28.334567326457247
-157.53362565545862 94.5175205407659 28.33054507182753
-157.14410083290605 94.83100092372958 28.32986528337502
-156.73860968589818 95.12353333268804 28.32855402168826
-156.32420116957377 95.4032676551413 28.32477375193615
-155.8973259247196 95.66358999795628 28.321642751773727
-155.46349803319268 95.91216691694113 28.319946909420167
-155.02053497206649 96.14407959778612 28.319462202275886
-154.57152690088787 96.36406080158315 28.319610500827036
-154.11247619142105 96.56223268950777 28.32020124137941
-153.6471710948102 96.7452372203706 28.320914509666114
-153.17557344444108 96.9113546768008 28.321718770493856
-152.6994755913514 97.06409665924141 28.322567936852597
-152.216679319965 97.19411853522736 28.324007416105907
-151.72879380860502 97.30349437428916 28.326164644541358
-151.2396217435486 97.40696492408021 28.328294455424476
-150.74829742661726 97.49967767736834 28.330476420061668
-150.2534743609599 97.57141064081215 28.332601425714795
-149.75701708759271 97.63079495889734 28.334519363771538
-149.49875444883946 97.65970182139426 28.335420679216185
-149.49875444883946 97.65970182139426 28.335420679216185
-148.9991565337184 97.67971583242188 28.336587970649543
-148.49926985945834 97.69032009796356 28.337516652263947
-147.9993367432274 97.69848365443956 28.338002081227593
-147.49940362699644 97.70664721091555 28.33848751019124
-146.9994705107655 97.71481076739154 28.338972939154885
-146.4995298319821 97.72250948079645 28.339190905943948
-145.9995891531987 97.73020819420135 28.33940887273301
-145.49964847441532 97.73790690760626 28.339626839522072
-144.99970620021787 97.74549716198125 28.339294410877248
-144.49976392602042 97.75308741635624 28.338961982232423
-143.99982165182297 97.76067767073123 28.338629553587598
-143.49987937762552 97.76826792510622 28.338297124942773
-142.99993760585045 97.77584989402773 28.33743771718898
-142.49999583407538 97.78343186294924 28.336578309435186
-142.000053856174 97.79101308748892 28.33584090416488
-141.5001118782726 97.7985943120286 28.335103498894572
-141.00016990037122 97.80617553656828 28.334366093624265
-140.50022792246983 97.81375676110795 28.333628688353958
-140.00028569328757 97.82133785204523 28.333085972525204
-139.5003434641053 97.82891894298251 28.33254325669645
-139.00040123492303 97.83650003391979 28.332000540867696
-138.5004587113215 97.84408109097778 28.331974679594477
-138.00051618771997 97.85166214803577 28.33194881832126
-137.50057366411843 97.85924320509376 28.33192295704804
-137.00063126282322 97.86682425890635 28.33227368524817
-136.500688861528 97.87440531271893 28.332624413448297
-136.0007464602328 97.88198636653152 28.332975141648426
-135.50080397176143 97.88956742099565 28.33278584222587
-135.00086148329007 97.89714847545977 28.332596542803316
-134.5009189948187 97.9047295299239 28.33240724338076
-134.00097650634734 97.91231058438802 28.332217943958206
-133.50103483917115 97.91989162647138 28.33129208110681
-133.00109317199497 97.92747266855474 28.330366218255413
-132.50115155332676 97.93505370998001 28.329414517497927
-132.00120993465856 97.94263475140528 28.32846281674044
-131.50126831599036 97.95021579283055 28.327511115982954
-131.00132669732216 97.95779683425582 28.326559415225468
-130.50138508943445 97.96537787560446 28.325602067464505
-130.00144348154674 97.9729589169531 28.324644719703542
-129.50150144061365 97.98053996476506 28.32394943435672
-129.00155939968056 97.98812101257701 28.323254149009898
-128.50161735874747 97.99570206038896 28.322558863663076
-128.00167531781437 98.00328310820092 28.321863578316254
-127.50173294865165 98.01086416105493 28.321469682921066
-127.00179057948893 98.01844521390893 28.321075787525878
-126.5018482103262 98.02602626676294 28.32068189213069
-126.0019058026344 98.0336073200513 28.32102339229624
-125.50196339494259 98.04118837333966 28.32136489246179
-125.00202098725079 98.04876942662803 28.32170639262734
-124.50207857955898 98.05635047991639 28.32204789279289
-124.00213617186718 98.06393153320475 28.322389392958442
-123.5021943180362 98.07151257809427 28.3232082619518
-123.00225246420523 98.07909362298379 28.32402713094516
-122.50231061037425 98.08667466787331 28.32484599993852
-122.0023698113111 98.0942556967455 28.326159557447188
-121.50242901224794 98.1018367256177 28.327473114955854
-121.00248821318479 98.1094177544899 28.32878667246452
-120.50254741412164 98.11699878336209 28.330100229973187
-120.00260661505848 98.12457981223429 28.331413787481853
-119.5026687899689 98.13216079654974 28.333581671588206
-119.0027309648793 98.1397417808652 28.33574955569456
-118.5027932835452 98.1473227627585 28.337950350055415
-118.0028556022111 98.15490374465182 28.34015114441627
-117.502917920877 98.16248472654513 28.342351938777128
-117.0029802395429 98.17006570843844 28.344552733137984
-116.50304196797147 98.17764669929765 28.346615060894308
-116.00310369640005 98.18522769015686 28.348677388650632
-115.5031722526258 98.19280857730841 28.35200630375945
-115.00324080885156 98.20038946445996 28.355335218868266
-114.50330936507731 98.20797035161151 28.358664133977083
-114.00340728670096 98.21555079311888 28.365024082212663
-113.50350520832461 98.22313123462625 28.371384030448244
-113.21467045403551 98.22751108231023 28.375058698278952
-113.21467045403551 98.22751108231023 28.375058698278952
-112.71469645187287 98.22284988867926 28.377125201461922
-112.21472244971022 98.2181886950483 28.379191704644892
-111.71687833285407 98.17184859029886 28.381148744125163
-111.22213688785402 98.09954808793707 28.383030221603466
-110.73454771206681 97.98885165015442 28.3847892887953
-110.2469585362796 97.87815521237177 28.386548355987134
-109.76984901630179 97.7286096476716 28.38817009118281
-109.30799055920204 97.53707729334025 28.389627091432466
-108.84613210210229 97.34554493900889 28.39108409168212
-108.40236983864851 97.11516830278242 28.3923721193817
-107.98110744015791 96.84584177137815 28.393472619128566
-107.55984504166732 96.57651523997387 28.39457311887543
-107.16370338573158 96.27143990389649 28.395482926419213
-106.79622617005019 95.93238239584588 28.3961915797573
-106.4287489543688 95.59332488779526 28.396900233095387
-106.09277022994819 95.22303035045661 28.39740258143391
-105.79020665578494 94.82496603952461 28.397699148120566
-105.4876430816217 94.42690172859261 28.397995714807223
-105.22259927795096 94.00293029557997 28.398073976956624
-105.01194772341417 93.54947036506039 28.397955721288184
-104.80129616887737 93.0960104345408 28.397837465619745
-104.63681696261904 92.62383830375012 28.39757362245321
-104.5203459798491 92.13762070710537 28.402765817134238
-104.40387499707916 91.65140311046062 28.407958011815268
-104.28740401430922 91.16518551381587 28.413150206496297
-104.22813423860858 90.66880342571693 28.403562907454088
-104.16886446290793 90.17242133761799 28.39397560841188
-104.10959468720729 89.67603924951905 28.38438830936967
-104.10101200040663 89.60415957821533 28.383
-105.5399752422818 82.07965890830383 28.422179699110544
-105.44022798278209 82.5689107166598 28.448316880341583
-105.34048072328238 83.05816252501577 28.474454061572622
-105.24844366278143 83.54958114849839 28.48052991449951
-105.15640660228047 84.040999771981 28.486605767426397
-105.06436954177951 84.53241839546362 28.492681620353284
-104.97233248127856 85.02383701894624 28.498757473280172
-104.8802954207776 85.51525564242885 28.50483332620706
-104.79166714301859 86.00733375352856 28.506873168852188
-104.70303886525957 86.49941186462826 28.508913011497317
-104.61441058750056 86.99148997572796 28.510952854142445
-104.51811368866046 87.48154192900158 28.486953054841475
-104.42181678982037 87.9715938822752 28.462953255540505
-104.32551989098027 88.46164583554882 28.438953456239535
-104.22922299214018 88.95169778882244 28.414953656938565
-104.13292609330009 89.44174974209606 28.390953857637594
-104.10101200040663 89.60415957821533 28.383
-105.5399752422818 82.07965890830383 28.422179699110544
-105.69921972212036 81.60569595979045 28.422744568519438
-105.85846420195892 81.13173301127708 28.42330943792833
-106.01770868179749 80.6577700627637 28.423874307337226
-106.17695316163605 80.18380711425033 28.42443917674612
-106.33619764147461 79.70984416573695 28.425004046155014
-106.49544212131318 79.23588121722358 28.425568915563908
-106.65468660115174 78.7619182687102 28.4261337849728
-106.8139310809903 78.28795532019683 28.426698654381696
-106.97317556082886 77.81399237168345 28.42726352379059
-107.13242004066743 77.34002942317008 28.427828393199484
-107.27373043861154 76.86041380757811 28.427345989624307
-107.41504083655565 76.38079819198614 28.42686358604913
-107.55635123449976 75.90118257639418 28.426381182473953
-107.69766163244387 75.42156696080221 28.425898778898777
-107.83897203038798 74.94195134521024 28.4254163753236
-107.9759171509985 74.4610924395668 28.420861509315305
-108.11286227160902 73.98023353392335 28.41630664330701
-108.24980739221954 73.49937462827991 28.411751777298715
-108.38675251283006 73.01851572263647 28.40719691129042
-108.52369763344058 72.53765681699302 28.402642045282125
-108.64958307329803 72.05383626541092 28.394243837218394
-108.77546851315549 71.57001571382882 28.385845629154662
-108.90135395301294 71.08619516224672 28.37744742109093
-109.0272393928704 70.60237461066463 28.3690492130272
-109.1481676095864 70.11726602774459 28.362264732265032
-109.26909582630239 69.63215744482456 28.355480251502865
-109.37568449259734 69.14368167562864 28.34997760432845
-109.4822731588923 68.65520590643273 28.344474957154038
-109.53166994621279 68.42882973980159 28.34192484463624
-109.53166994621279 68.42882973980159 28.34192484463624
-109.63025835562817 67.93864921733613 28.34008611560817
-109.72884676504356 67.44846869487068 28.3382473865801
-109.82743517445894 66.95828817240523 28.33640865755203
-109.9264366015337 66.46819023266998 28.33475732341897
-110.02543802860845 65.97809229293473 28.333105989285908
-110.12503436188966 65.48811214081424 28.333250643745526
-110.22463069517087 64.99813198869374 28.333395298205144
-110.32422702845209 64.50815183657325 28.33353995266476
-110.42179845978507 64.01776456811389 28.33391773647515
-110.51936989111805 63.52737729965453 28.33429552028554
-110.61694132245103 63.036990031195174 28.33467330409593
-110.72141288870253 62.54802619171217 28.33490893727812
-110.82588445495404 62.05906235222916 28.335144570460308
-110.93035602120554 61.570098512746156 28.335380203642497
-111.03019184049035 61.080178471021185 28.338721147212063
-111.13002765977515 60.59025842929621 28.342062090781628
-111.22986347905996 60.10033838757124 28.345403034351193
-111.32969929834476 59.61041834584627 28.34874397792076
-111.42953511762957 59.1204983041213 28.352084921490324
-111.52937093691438 58.63057826239633 28.35542586505989
-111.62865054285815 58.140539997127384 28.357887250006304
-111.72793014880193 57.65050173185844 28.360348634952718
-111.82720975474571 57.1604634665895 28.362810019899133
-111.92648936068949 56.670425201320555 28.365271404845547
-112.02576896663327 56.18038693605161 28.367732789791962
-112.12502889832275 55.690348292837065 28.370830227029963
-112.22428883001224 55.20030964962252 28.373927664267963
-112.32354876170173 54.71027100640797 28.377025101505964
-112.42280869339122 54.220232363193425 28.380122538743965
-112.52207001219011 53.73018503288904 28.37922551485924
-112.62133133098901 53.240137702584654 28.378328490974514
-112.7205926497879 52.75009037228027 28.37743146708979
-112.8198539685868 52.260043041975884 28.376534443205063
-112.9191152873857 51.7699957116715 28.375637419320338
-113.01837489422358 51.279956575405194 28.372608330717995
-113.11763450106147 50.78991743913889 28.369579242115652
-113.21689227868764 50.29988724698242 28.36530088310633
-113.3161500563138 49.809857054825954 28.361022524097006
-113.41540783393997 49.31982686266949 28.356744165087683
-113.51466561156613 48.82979667051302 28.35246580607836
-113.54867226071656 48.66190771292895 28.351
-113.54867226071656 48.66190771292895 28.351
-113.64578845886292 48.171431093663074 28.349936980192233
-113.74290465700929 47.6809544743972 28.348873960384466
-113.84002085515566 47.19047785513132 28.3478109405767
-113.93713705330202 46.70000123586544 28.346747920768934
-114.03683297416188 46.21004371309127 28.348280644128256
-114.13652889502174 45.72008619031709 28.349813367487577
-114.2362248158816 45.230128667542914 28.3513460908469
-114.33398075488378 44.73978426709515 28.353825070340083
-114.43173669388597 44.24943986664739 28.356304049833266
-114.52949263288815 43.75909546619963 28.35878302932645
-114.62724857189033 43.26875106575187 28.361262008819633
-114.72091833291832 42.77762474306276 28.365834866879453
-114.79934444546234 42.366423435043544 28.369663546240986
-114.79934444546234 42.366423435043544 28.369663546240986
-114.90224458440792 41.87715146959165 28.37461382177096
-114.97522430628591 41.38252732917188 28.379187650431138
-114.95572886676882 40.88291862418208 28.382514771777295
-114.86358831567361 40.39148703364031 28.38477544898908
-114.72092213628012 39.91227497752725 28.38624736378149
-114.49581822184814 39.46581308765012 28.386340071614505
-114.20741267197192 39.05737567851746 28.385281005232027
-113.86242506546711 38.69546573960205 28.383102135726375
-113.49125320641829 38.36046728235836 28.380366318737824
-113.060636176574 38.10639680227304 28.376223281532486
-112.59704087412577 37.919170812450886 28.37114152169427
-112.11658592081129 37.78085626526888 28.365473729053274
-111.6186611750348 37.73582116600653 28.358932522906798
-111.12031627778742 37.776345986543284 28.355754110100563
-110.62197138054005 37.816870807080036 28.352575697294327
-110.12362648329267 37.85739562761679 28.34939728448809
-109.6260507746232 37.90654237895441 28.347662068354417
-109.12847506595372 37.955689130292036 28.345926852220742
-108.63089935728425 38.00483588162966 28.344191636087068
-108.13332364861478 38.05398263296728 28.342456419953393
-107.6357479399453 38.10312938430491 28.34072120381972
-107.13817223127583 38.15227613564253 28.338985987686044
-106.66103771125199 38.199403861537576 28.33732205694615
-106.66103771125199 38.199403861537576 28.33732205694615
-106.16390983679658 38.25285551819478 28.339929131942203
-105.66678196234116 38.30630717485198 28.342536206938256
-105.16965408788575 38.35975883150918 28.34514328193431
-104.67252621343033 38.413210488166385 28.347750356930362
-104.17576393909279 38.47001921837654 28.347855079896988
-103.67900166475525 38.5268279485867 28.347959802863613
-103.1822393904177 38.58363667879686 28.34806452583024
-102.68547711608016 38.640445409007015 28.348169248796864
-102.18871484174262 38.69725413921717 28.34827397176349
-101.69195256740508 38.75406286942733 28.348378694730116
-101.19519029306754 38.81087159963749 28.34848341769674
-100.69842801873 38.867680329847644 28.348588140663367
-100.20166574439246 38.9244890600578 28.348692863629992
-99.70508231400161 38.98283129536994 28.347653517656738
-99.20849888361077 39.04117353068208 28.346614171683484
-98.71191545321993 39.09951576599422 28.34557482571023
-98.21533202282909 39.15785800130636 28.344535479736976
-97.71874859243825 39.2162002366185 28.343496133763722
-97.2221651620474 39.27454247193064 28.342456787790468
-96.72558173165656 39.332884707242776 28.341417441817214
-96.22899830126572 39.391226942554916 28.34037809584396
-95.73251444197524 39.450411906762355 28.33942024627169
-95.23603058268476 39.509596870969794 28.33846239669942
-94.73954672339428 39.568781835177234 28.33750454712715
-94.2430628641038 39.62796679938467 28.33654669755488
-93.74657900481333 39.68715176359211 28.33558884798261
-93.25009514552285 39.74633672779955 28.33463099841034
-92.75361128623237 39.80552169200699 28.33367314883807
-92.25712742694189 39.86470665621443 28.3327152992658
-91.76140809273687 39.92999324147795 28.332774290503227
-91.26658352837198 40.001742976935546 28.333565468653283
-90.7779165402305 40.10755836066343 28.336336617739246
-90.30458756502725 40.268642249267074 28.33975159436542
-89.84290278851073 40.46056570538931 28.34329477414981
-89.41137785759575 40.71309804429502 28.34698960914476
-89.02976216352222 41.036139308368284 28.350704947988767
-88.68172856756671 41.39510886612106 28.354375464716828
-88.38334000525782 41.796296637419964 28.357930467312496
-88.15960362730107 42.24343321271921 28.36123443590324
-87.97728403572262 42.70899711328669 28.364368285781968
-87.86559478394778 43.196355009807014 28.367159654132216
-87.78178051636027 43.689273098750675 28.3697914103708
-87.74926807623456 44.18821073384995 28.371835308267404
-87.76922457073104 44.68780943826033 28.373530265162966
-87.83956790705966 45.182835083449106 28.37472426666999
-87.9442350952724 45.67175631478165 28.37562385763639
-88.13320082889366 46.13467280010699 28.376152186150254
-88.38941464964805 46.5640378294202 28.375765330485446
-88.64562847040243 46.99340285873341 28.37537847482064
-88.90184229115681 47.42276788804662 28.374991619155832
-89.1580561119112 47.85213291735983 28.374604763491025
-89.41426993266558 48.28149794667304 28.374217907826218
-89.67048375341996 48.71086297598625 28.37383105216141
-89.92669757417434 49.14022800529946 28.373444196496603
-90.18291139492872 49.56959303461267 28.373057340831796
-90.4391252156831 49.99895806392588 28.37267048516699
-90.69533903643749 50.428323093239094 28.37228362950218
-90.95155285719187 50.857688122552304 28.371896773837374
-91.20776667794625 51.287053151865514 28.371509918172567
-91.46398049870064 51.716418181178724 28.37112306250776
-91.72019431945502 52.145783210491935 28.370736206842952
-91.9764081402094 52.575148239805145 28.370349351178145
-92.2357390333893 53.00263776947495 28.36991361592429
-92.49506992656919 53.43012729914476 28.369477880670434
-92.75440081974908 53.857616828814564 28.36904214541658
-93.01373171292897 54.28510635848437 28.368606410162723
-93.27306260610887 54.712595888154176 28.368170674908868
-93.53239349928876 55.14008541782398 28.367734939655012
-93.79172439246865 55.56757494749379 28.367299204401156
-94.05105528564854 55.995064477163595 28.3668634691473
-94.31038617882844 56.4225540068334 28.366427733893445
-94.56971707200833 56.85004353650321 28.36599199863959
-94.82904796518822 57.277533066173014 28.365556263385734
-95.08837885836812 57.70502259584282 28.36512052813188
-95.34770975154801 58.132512125512626 28.364684792878023
-95.6070406447279 58.56000165518243 28.364249057624168
-95.8663715379078 58.98749118485224 28.363813322370312
-96.12570243108769 59.414980714522045 28.363377587116457
-96.38503332426758 59.84247024419185 28.3629418518626
-96.64436421744747 60.26995977386166 28.362506116608746
-96.90369511062737 60.697449303531464 28.36207038135489
-97.16302600380726 61.12493883320127 28.361634646101034
-97.42516886297862 61.550709890464624 28.36127662052379
-97.68731172214999 61.97648094772798 28.360918594946543
-97.94945458132135 62.40225200499133 28.360560569369298
-98.21159744049271 62.82802306225469 28.360202543792052
-98.47374029966407 63.25379411951804 28.359844518214807
-98.73588315883543 63.679565176781395 28.35948649263756
-98.9980260180068 64.10533623404474 28.359128467060316
-99.26016887717816 64.53110729130809 28.35877044148307
-99.52231173634952 64.95687834857144 28.358412415905825
-99.78445459552088 65.38264940583478 28.35805439032858
-100.04659745469225 65.80842046309813 28.357696364751334
-100.30874031386361 66.23419152036148 28.35733833917409
-100.57088317303497 66.65996257762482 28.356980313596843
-100.83302603220633 67.08573363488817 28.356622288019597
-101.0951688913777 67.51150469215152 28.35626426244235
-101.35731175054906 67.93727574941487 28.355906236865106
-101.62075592307268 68.36224056184855 28.357347124280427
-101.8842000955963 68.78720537428224 28.358788011695747
-102.14764426811992 69.21217018671592 28.360228899111068
-102.41108844064354 69.63713499914961 28.361669786526388
-102.67453261316716 70.0620998115833 28.36311067394171
-102.93797678569078 70.48706462401698 28.36455156135703
-103.15808829927118 70.84212902793661 28.365755444163963